100053
1000565
1001240
1001585
1001994
100225
100226
1002339
1002340
1002368
1002526
1002672
1002804
1002805
1002809
1003
1003195
1003202
1003238
1004
1004149
1004156
1004316
1004326
1004836
1005048
1005057
1005058
1005090
1005705
1005928
1005944
1005945
1005999
1006000
1006004
1006006
1006576
1006581
1007096
1007099
1007103
1007105
1007118
1007119
1007123
1007676
1008305
1008392
1008457
1008459
100901
1009370
1009412
1009415
1009426
1009464
1009708
1009709
1009711
1009858
1010
101571
1017273
102125
102127
102129
102232
102684
1026882
1027249
1027371
1028
1028416
102891
1028989
1029718
1029756
1029823
1030157
1030533
1030841
1031288
1031564
1031742
1031746
1032069
1032480
1032488
1033730
1033731
1033732
1033733
1033734
1033736
1033737
1033738
1033739
1033740
1033741
1033743
1033744
1033802
1033806
1033810
1033837
1033846
1033991
1034345
1034346
1034347
1034769
1034807
1034808
1034943
1035
1035188
1035189
1035193
1035195
1035197
1035707
1035839
1036181
103621
1036672
1036674
1036779
1036780
103690
103733
1037410
1038014
103817
103855
1038856
1038858
1038859
1038860
1038862
1038867
1038869
104087
1040986
1040987
1040989
104099
104102
1041139
1041146
1041147
1041159
1041504
1041522
1041826
1041930
1041938
1041939
1042156
1042163
1042326
1042376
1042377
104268
104270
1042877
1043205
104336
1043493
1044
1045009
1045558
1045773
1045774
1045775
1045854
1045855
1045877
104623
104628
1046627
104663
1046714
1046724
1046965
1046972
1046982
1047003
1047013
1047055
1048205
1048260
1048339
1048340
1048380
1048830
1048834
1048983
1049789
1049790
1049970
1049971
1050174
1050201
1050202
1050720
1051072
1051646
1051973
105219
1052260
1052801
1052810
1053648
105420
1054213
1054217
1054860
1054996
1055526
105559
1055723
1055815
1056495
1056816
1056820
1057002
1058
1061
106370
1064535
106592
106634
106648
106649
106654
1068975
1068978
1068980
1069080
1069081
1069083
1069220
1069448
1069534
1069536
1069642
1070130
1070319
1070870
1071054
1071061
1071072
1071085
1071400
1071679
1071918
1072256
1072467
1072583
1072685
1073325
1073327
1073328
1073353
1073362
1073376
1073423
1073574
1073842
1073996
1073999
1074467
1074488
1074889
1075090
1075399
1075402
1075417
1075768
107635
107636
107637
1076414
1076525
1076549
1076550
1076551
1076588
1076596
1076937
1077144
1077464
1077675
1077936
1077947
1077972
1077974
1078085
1078086
1078505
1078773
1078846
1079
1079859
1079986
1079994
108003
1080068
1080071
108015
1080227
1081640
1081644
1082
1082479
1082704
1082931
1082933
108486
1085028
1085029
1085623
1085624
1086011
1086013
1086726
1087448
1088721
1088767
1088868
1088869
1089305
1089439
1089444
1089447
1089455
1089544
1089545
1089546
1089547
1089548
1089549
1089550
1089551
1089552
1089553
108980
108981
1090318
1090319
1090322
1090615
1091494
1092
109232
1094342
1094466
1094489
1094491
1094492
1094497
1094508
1094551
1094556
1094558
1094562
1094564
1094715
1094755
1094980
1095009
1095025
1095026
1095552
1095727
1095752
1095767
1095768
1095769
1095770
1095772
1095776
1095778
1095900
1096769
1096856
109790
1100
1100700
1100705
1100719
1100720
1100721
1101188
1101190
1101191
1101192
1101193
1101195
1101373
110319
1104324
1104566
1104568
1104576
1104577
1104605
1104610
1105031
110505
1105110
1105111
1105367
110662
110663
1107311
1108044
1108045
1108595
1108812
110935
1109412
1109445
111015
1110502
1110504
1110509
1110546
111105
1111069
1111130
1111134
1111454
1111479
1111676
1111728
1111729
1111730
1111732
1111735
1111737
1111738
1112
1112204
1112209
1112212
1112214
1112215
1112216
1112273
1112274
1113895
1114263
1114856
1114924
1114959
1114964
1114965
1114972
1115515
1115632
111611
1116213
1116369
1116391
1116472
1117314
1117319
1117379
1117647
1117702
1117707
111780
111781
1117943
1118054
1118056
1118057
1118059
1118060
1118061
1118062
1118153
1118202
1118379
1119528
1119533
1120523
1120568
1120658
1120688
1120705
1120746
1120792
1120797
1120917
1120918
1120919
1120920
1120923
1120931
1120933
1120934
1120935
1120936
1120937
1120941
1120943
1120944
1120946
1120947
1120948
1120949
1120950
1120951
1120953
1120954
1120955
1120956
1120958
1120959
1120960
1120963
1120964
1120965
1120966
1120967
1120968
1120969
1120971
1120972
1120973
1120975
1120976
1120977
1120978
1120980
1120983
1120984
1120985
1120988
1120989
1120990
1120995
1120996
1120998
1120999
1121001
1121002
1121003
1121004
1121006
1121007
1121011
1121012
1121013
1121014
1121015
1121016
1121017
1121019
1121020
1121022
1121023
1121024
1121025
1121028
1121030
1121032
1121033
1121034
1121035
1121085
1121086
1121087
1121090
1121091
1121092
1121093
1121094
1121096
1121097
1121098
1121099
1121100
1121103
1121104
1121105
1121106
1121114
1121116
1121117
1121118
1121121
1121122
1121123
1121124
1121125
1121130
1121131
1121256
1121266
1121271
1121272
1121274
1121275
1121278
1121279
1121280
1121284
1121285
1121286
1121287
1121288
1121289
1121290
1121291
1121293
1121298
1121301
1121302
1121305
1121306
1121307
1121316
1121319
1121321
1121322
1121324
1121325
1121326
1121328
1121331
1121333
1121334
1121335
1121338
1121344
1121345
1121348
1121349
1121351
1121352
1121353
1121354
1121355
1121356
1121357
1121360
1121362
1121363
1121364
1121365
1121370
1121372
1121373
1121374
1121375
1121377
1121378
1121380
1121381
1121382
1121383
1121385
1121387
1121388
1121390
1121391
1121393
1121394
1121395
1121396
1121398
1121399
1121400
1121402
1121404
1121406
1121409
1121411
1121413
1121416
1121419
1121420
1121421
1121422
1121423
1121428
1121429
1121430
1121432
1121433
1121438
1121439
1121440
1121441
1121442
1121443
1121445
1121447
1121448
1121449
1121451
1121453
1121455
1121456
1121457
1121459
1121462
1121467
1121468
1121472
1121476
1121477
1121479
1121480
1121481
1121482
1121483
1121485
1121859
1121861
1121863
1121865
1121866
1121867
1121869
1121870
1121874
1121875
1121877
1121878
1121879
1121880
1121881
1121883
1121884
1121887
1121888
1121889
1121890
1121891
1121895
1121896
1121897
1121898
1121899
1121901
1121902
1121903
1121904
1121909
1121912
1121914
1121918
1121919
1121920
1121921
1121922
1121924
1121925
1121926
1121927
1121928
1121929
1121930
1121932
1121934
1121935
1121936
1121937
1121938
1121939
1121940
1121941
1121942
1121943
1121945
1121946
1121947
1121948
1121949
1121950
1121952
1121953
1121955
1121957
1121959
1122124
1122125
1122128
1122129
1122130
1122131
1122132
1122133
1122134
1122135
1122137
1122138
1122139
1122142
1122143
1122146
1122149
1122150
1122152
1122154
1122155
1122156
1122158
1122159
1122169
1122170
1122172
1122173
1122175
1122176
1122179
1122180
1122181
1122182
1122183
1122184
1122185
1122188
1122189
1122190
1122191
1122192
1122194
1122195
1122197
1122198
1122200
1122201
1122202
1122203
1122204
1122206
1122207
1122209
1122211
1122212
1122213
1122214
1122215
1122216
1122218
1122221
1122223
1122224
1122225
1122226
1122228
1122230
1122233
1122236
1122237
1122238
1122239
1122240
1122243
1122244
1122247
1122252
112234
112248
1122599
1122602
1122603
1122604
1122605
1122607
1122608
1122609
1122610
1122612
1122613
1122614
1122615
1122616
1122617
1122619
1122621
1122622
1122623
1122916
1122917
1122918
1122919
1122920
1122921
1122924
1122925
1122926
1122927
1122928
1122930
1122934
1122938
1122939
1122940
1122941
1122946
1122949
1122951
1122963
1122967
1122970
1122971
1122973
1122976
1122978
1122980
1122983
1122990
1122991
1122992
1122994
1122997
1122998
1122999
1123008
1123009
1123010
1123013
1123014
1123016
1123020
1123021
1123023
1123024
1123025
1123029
1123032
1123033
1123034
1123035
1123036
1123037
1123053
1123054
1123055
1123058
1123059
1123060
1123062
1123065
1123069
1123070
1123071
1123072
1123073
1123075
1123077
1123078
1123226
1123227
1123228
1123229
1123230
1123231
1123233
1123234
1123235
1123236
1123237
1123239
1123240
1123241
1123242
1123243
1123244
1123247
1123248
1123250
1123251
1123252
1123253
1123255
1123256
1123257
1123258
1123261
1123262
1123265
1123267
1123269
1123270
1123272
1123274
1123275
1123276
1123277
1123278
1123279
1123281
1123282
1123284
1123285
1123288
1123291
1123294
1123296
1123298
1123299
1123300
1123301
1123302
1123303
1123305
1123306
1123307
1123308
1123309
1123311
1123312
1123313
1123314
1123315
1123317
1123318
1123320
1123321
1123323
1123325
1123326
1123349
1123350
1123354
1123355
1123356
1123357
1123359
1123360
1123362
1123365
1123366
1123367
1123368
1123371
1123372
1123373
1123376
1123377
1123380
1123382
1123384
1123386
1123388
1123389
1123392
1123393
1123397
1123399
1123400
1123401
1123402
1123404
1123487
1123489
1123490
1123491
1123493
1123494
1123497
1123498
1123499
1123500
1123501
1123503
1123504
1123507
1123508
1123510
1123514
1123515
1123516
1123517
1123518
1123519
1123719
1123755
1123756
1123773
1123866
112413
1124188
1124780
1124982
1125411
1125699
1125700
1125701
1125712
1125725
1125779
1125847
1125863
1125876
1125973
1126627
1126833
1127134
1127673
1127692
1127694
1127695
1127696
1127699
1128398
1128421
1128427
1128970
112900
112901
112903
112904
1129374
1129793
1129794
1130080
1130798
1131284
1131292
1131462
1131731
1131812
1131813
1131814
1131935
1132441
1132443
1132836
1132855
113355
1133569
1133592
1133849
1133850
113395
1134055
1134406
1134413
1134435
1134445
1134474
1134510
1134912
113562
113574
1136497
113653
1136941
1137095
1137096
1137268
1137269
1137280
1137281
1137284
1137799
1137991
1137993
1138170
1138189
1138822
1140
1140003
1141106
1141221
1141647
1141662
1141663
114186
1141883
1142394
1142511
1143323
1144275
1144300
1144305
1144307
1144310
1144312
1144313
1144319
1144342
1144343
1144477
1144478
1144548
1144672
1144748
1144750
1144888
1144932
1145276
114615
114686
1146883
1147
1147123
1147128
1148
1148509
1149133
114977
1150112
1150157
1150298
1150368
1150389
1150398
1150468
1150469
1150474
1150600
1150621
1150625
1150626
1150864
1151061
1151117
1151122
115433
115547
115561
1155689
1155714
1155718
1155777
1156395
1156417
1156433
1156844
1156919
1156935
1156937
1156985
1156986
1157490
1157635
1157637
1157708
115783
1157943
1157948
1157986
1158050
1158144
1158146
1158150
1158165
1158168
1158182
1158183
1158291
1158292
1158293
1158294
1158318
1158338
1158345
1158762
1159016
1159017
1159554
1159870
1160091
1160137
1160707
1160718
1160721
1160784
1160895
1161099
1161401
1161902
1161919
1162418
1162668
1162717
1163385
1163407
1163408
1163419
1163617
1163671
1163730
1163745
1164594
1165094
1165096
1165689
1165841
1166016
1166018
1166073
1166078
1166130
1166337
1166340
1166948
1167006
1167628
1167632
1167637
1168034
1168035
1168059
1168067
1168169
1168289
1169143
1169146
1169152
1169154
1170562
1171373
117157
117209
1172179
1172185
1172190
1172194
1172562
1172565
1172567
1172626
1173020
1173021
1173022
1173023
1173024
1173025
1173026
1173027
1173028
1173029
1173111
1173263
1173264
1173584
1174501
1174504
1175296
1175306
1176165
1176198
1176587
1177154
1177179
1177181
1177594
1177755
1177931
1177982
1178482
1178515
1178516
1178825
1179155
1179225
1179672
1179773
1179777
1179778
118005
118060
118062
118101
118110
118126
118161
118163
118166
118168
118173
1182568
1182571
1183377
1183431
1183432
1183434
1183438
1184151
1184251
1184267
1184609
1185325
1185652
1185653
1185766
1185767
1185843
1185876
1186051
1186196
1187848
1187851
1188
1188229
1188233
1188234
1188235
1188239
1188252
1188319
1189612
1189619
1189620
1189621
118967
119000
1190415
1190417
1190603
1190620
1191459
1191523
1191699
1192034
1192054
119206
1192124
1192197
119224
1192759
1192864
1192866
1192868
1193011
1193051
1193069
1193128
1193181
1193182
1193502
1193518
1193532
1193534
1193682
1193713
1193729
1194083
1194088
1194090
1194165
1194526
1195236
1195246
1195760
1195763
1196031
1196083
1196094
1196095
1196322
1196323
1196324
1196353
119641
1196421
1196835
1197325
1197477
1197717
1197720
1197728
1197874
1197906
1198114
1198245
1198317
1198449
1198452
119858
1199154
1199245
1200352
1200557
1200721
1200747
1200749
1200751
1201288
1201290
1201293
1201294
1202450
1202536
1202537
1202538
1202539
1202540
1202724
1202768
1202785
1202962
1203076
1203190
1203261
1203554
1203566
1203568
1203573
1203590
1203602
1203605
1203610
1203619
1203624
1204719
1204725
1205680
1205681
1205910
1206085
1206101
1206103
1206109
1206458
1206723
1206725
1206730
1206731
1206733
1206734
1206735
1206737
1206739
1206741
1206743
1206744
1206781
1207055
1207058
1207063
1207075
1208104
1208321
1208323
1208324
1208365
1208583
1208599
1208600
1208918
1208919
1208920
1208921
1208923
1209072
120956
1209984
1209989
1210005
1210046
1210062
1210063
1210064
1210065
1210067
1210068
1210069
1210074
1210077
1210082
1210083
1210084
1210086
1210087
1210088
1210089
1210090
1210094
1210096
1210098
1210099
1210100
1210101
1210884
1211112
1211326
1211777
1211813
1211814
1211815
1211817
1211819
1211820
1211843
1211844
1212489
1212491
1212545
1212548
1212765
121290
121292
1214065
1214101
1214117
1214166
1214225
1214242
1215089
1215104
1215114
1215115
1215343
1215915
1216006
121616
1216932
1216962
1216968
1216969
1216970
1216972
1216973
1217052
121719
1217692
1217693
1217694
1217698
1217705
1217708
1217718
1217721
1217799
1217970
1218074
1218075
1218076
1218078
1218086
1218092
1218108
1218113
1218173
121821
1218352
1218492
1218493
1218495
1218506
1218507
1218508
1218591
1218598
1218599
1219
1219011
1219020
1219023
1219029
1219030
1219032
1219033
1219036
1219040
1219041
1219043
1219048
1219051
1219052
1219053
1219055
1219058
1219065
1219077
1219080
1219356
1219360
1219361
1219375
1219383
1219585
1220495
1220534
1220535
1220551
1220554
1220559
1220563
1220564
1220567
1220571
1220572
1220573
1220578
1220580
1220583
1220584
1220586
1220589
1221450
1221500
1221522
1221525
122202
1223410
1223489
1223494
1223502
1223505
1223515
1223517
1223520
1223521
1223523
1223525
1223536
1223541
1223543
1223545
1223546
1223547
1223548
122355
1223566
1223570
1223802
1224136
1224162
1224163
1224164
1224749
1224947
1225127
1225179
1225184
1225341
1225476
1225564
1225647
1225655
1225657
1225660
1225785
1226325
1226327
1226968
1226994
1227077
1227261
1227266
1227268
1227272
1227276
1227363
1227453
1227454
1227455
1227456
1227457
1227465
1227466
1227481
1227482
1227484
1227488
1227490
1227492
1227493
1227496
1227497
1227498
1227499
1227500
1227549
1227555
1227739
1228987
1229172
1229203
1229205
1229276
1229486
1229489
1229512
1229520
1229521
1229726
1229727
1229756
1229758
1229780
1229783
1229831
1229908
1229909
1230338
1230341
1230342
1230451
1230453
1230454
1230455
1230456
1230457
1230458
1230460
1230476
1230734
1231
1231063
1231185
1231241
1231336
1231339
1231340
1231341
1231343
1231391
1231392
1231623
1231624
1231626
123214
1232219
1232410
1232428
1232429
1232431
1232436
1232437
1232447
1232675
1232681
1232683
1232866
1233
123320
1233231
1233951
1234364
1234409
1234555
1234595
1234671
1234679
1235279
1235591
1235755
1235788
1235790
1235792
1235793
1235794
1235795
1235796
1235797
1235798
1235799
1235800
1235802
1235813
1235814
1235835
1235990
1235997
1236179
1236220
1236494
1236498
1236500
1236501
1236502
1236508
1236509
1236517
1236518
1236525
1236542
1236608
1236689
1236902
1236908
1236954
1236958
1236959
1236970
1236971
1236973
1236974
1236976
1236979
1236989
1237085
1237149
1237500
1238
1238182
1238186
1238190
123822
1238237
1238424
1238425
1238426
123899
1239415
1239962
1240085
1241906
1242245
1242992
1242993
1243662
1243664
1244083
1244108
1244529
1244531
1244869
1245
1245469
1245471
1245475
1245526
1245910
1246
1246445
1246448
1246461
1246474
1246485
1246626
1246637
1246955
1246995
1247514
1247726
1247936
1247963
1248727
1248760
1248916
1248917
1249101
1249480
1249481
1249483
1249552
1249627
1249933
1249972
1249999
1250004
1250005
1250006
1250059
1250198
1250205
1250231
1250232
1250278
1250295
1250539
1254
1254432
1254439
1255043
1255277
1255658
125593
1256989
1257021
1257025
1259795
1260251
1260356
1260918
1261
1261131
126156
126157
1261617
1261621
1261634
1261635
1261636
1261637
1261640
1262470
1262585
1262685
1262686
1262687
1262688
1262689
1262691
1262693
1262695
1262696
1262698
1262700
1262703
1262705
1262708
1262734
1262736
1262740
1262742
1262747
1262748
1262751
1262753
1262756
1262758
1262759
1262760
1262761
1262767
1262768
1262770
1262771
1262772
1262774
1262775
1262777
1262778
1262779
1262782
1262784
1262785
1262789
1262791
1262792
1262793
1262796
1262797
1262799
1262800
1262801
1262802
1262803
1262804
1262805
1262806
1262807
1262808
1262809
1262810
1262811
1262813
1262815
1262816
1262817
1262818
1262819
1262820
1262821
1262822
1262824
1262825
1262826
1262827
1262829
1262830
1262831
1262832
1262833
1262837
1262838
1262839
1262840
1262841
1262846
1262847
1262848
1262849
1262855
1262857
1262863
1262865
1262867
1262868
1262869
1262870
1262872
1262873
1262876
1262877
1262878
1262880
1262881
1262882
1262883
1262884
1262886
1262888
1262889
1262890
1262893
1262894
1262896
1262899
1262901
1262904
1262905
1262906
1262907
1262908
1262911
1262913
1262914
1262915
1262917
1262918
1262919
1262921
1262922
1262925
1262926
1262927
1262929
1262933
1262935
1262938
1262942
1262944
1262945
1262946
1262948
1262952
1262953
1262954
1262957
1262958
1262959
1262961
1262963
1262965
1262966
1262969
1262970
1262974
1262975
1262977
1262987
1262988
1262990
1262992
1262993
1262994
1262995
1262996
1262997
1262998
1263001
1263005
1263010
1263015
1263017
1263019
1263020
1263023
1263024
1263027
1263029
1263030
1263032
1263103
1263625
1263831
1263868
1264
1264579
1265
1265309
1265313
1265350
1265495
1265503
1265504
1265505
1265507
1265756
1265817
1265818
1265819
1265820
1265845
1265846
1265861
1266370
1266371
126673
1266765
1266845
1266911
1266914
1266925
1266998
1267
1267005
1267021
1267211
1267423
1267533
1267534
1267535
1267562
1267564
1267600
1267766
1267973
1267981
1268072
1268239
1268285
1268303
1268622
1268635
1270193
1270196
1271860
1272
1273103
1273541
1274
1274374
1274399
1274402
1274524
1274631
1274722
1276220
1276221
1276227
1276229
1276246
1276257
1276258
1276755
1276756
1276920
1277257
1278073
1278078
1278298
1278299
1278304
1278306
1278307
1278308
1278309
1278311
1278312
1278819
1279009
1279015
1279017
1279038
1280
1280380
1280390
1280514
1280663
1280664
1280666
1280668
1280671
1280672
1280674
1280675
1280678
1280679
1280680
1280681
1280682
1280684
1280685
1280686
1280694
1280695
1280706
1280847
1280941
1280944
1280946
1280947
1280948
1280949
1280950
1280952
1280953
1280954
1281
1282356
1282360
1282361
1282362
1282363
1282876
1283
1283283
1283284
1283286
1283287
1283299
1283300
1284
128403
1284675
1285191
1285242
1285583
1285586
1285928
1286
1286093
1286106
1286171
1286308
1286364
1286528
1286821
1286822
1286832
1287055
1287252
1287276
1287292
1287336
1287720
1287727
128780
128785
1288
1288080
1288082
1288083
1288298
1288385
1288410
1288484
1288826
1288970
1289135
1289387
128944
1289478
1290553
1291050
1291052
1291379
129140
1291734
1291742
1291743
1291764
1292
1292023
1292027
1292031
1292033
1292034
1293
1293036
1293045
1293047
1293048
1293054
129338
1293439
1293591
1293597
1293598
1293599
1293648
1293890
1293891
1293911
1294020
1294022
1294023
1294025
1294123
1294142
1294143
1294260
1294262
1294263
1294273
1295
1295009
1295626
1295642
1296
1296415
1296565
1296990
1297569
1297570
1297582
1297617
1297742
1297750
1297863
1298594
1298597
1298598
1298602
1298851
1298857
1298858
1298860
1298861
1298862
1298863
1298864
1298865
1298866
1298867
1298880
1298881
1298885
1298913
1299341
129961
129985
1299998
1300222
1300341
1300342
1300344
1300345
1300347
1300348
1300349
1300350
1300914
1301085
1301098
1301100
1301915
1302
1302151
1302250
1302272
1302620
1302659
1302685
1302687
1302689
1302690
1302863
1303
13035
1303683
1303921
1304
1304275
1304281
1304284
1304865
1304872
1304873
1304874
1304875
1304877
1304878
1304881
1304883
1304884
1304885
1304886
1304888
1304902
1304903
1305675
1305731
1305734
1305735
1305737
1305836
1305837
1305855
1306159
1306174
1306406
1306519
1306947
1306953
1307759
1307761
1307763
1307839
1308866
131110
131112
1312852
1312954
1312959
1313
1313172
1313265
1313291
1313292
1313294
1313296
1313301
1313304
1313421
1314
1314748
1314751
1314754
1314958
1315974
1316444
1316936
1317114
1317117
1317118
1317121
1317122
1317123
1317124
1317125
1318466
1318617
1318628
1318743
1319815
1321372
1321606
1321608
1321611
1321772
1321773
1321775
1321778
1321779
1321781
1321784
1321786
1321814
1321815
1322246
1322334
1323361
1323370
1323663
1324314
1324350
1324352
1324957
1325130
1325335
1325564
1325933
1326
1328
1328313
1328314
1329250
1329411
1329516
1329796
1330330
1330534
1330700
1331007
1331671
133190
1332080
1332188
1332264
1333523
1333534
1333662
1333845
1333848
1333854
1333856
1333998
1334022
1334046
1334629
1335
1335048
1335309
1335616
1335757
1335760
1336232
1336233
1336234
1336235
1336236
1336237
1336238
1336241
1336243
1336245
1336247
1336249
1336794
1336795
1336796
1336802
1336804
1337093
133720
133724
1337886
1337936
1338
1338011
1338436
1339233
1339239
1339243
1339252
1339253
1340425
1340434
1340493
1341151
1341154
1341157
1341181
1341646
1341695
1342299
1342301
1342302
134287
1343077
1343739
1343740
1344003
134533
134534
134537
1345592
1346
134601
134605
1346286
1346287
1346290
1346330
1346710
134676
1346791
1347087
1347342
1347366
1347368
1347369
1347393
1348114
1348245
1348253
1348338
1348393
134849
1348584
1348624
1348628
1348629
1348630
1348632
1348633
1348635
1348637
1348654
1348657
1348662
1348774
1348853
1348908
1349
1349421
1349434
134962
1349752
1349753
1349760
1349762
1349763
1349767
1349774
1349775
1349782
1349785
1349786
1349787
1349789
1349791
1349793
1349818
1349819
1350366
1351755
1352
1352348
1352936
1352941
1353
1353158
1353246
1353260
1353276
1353528
1353529
1353537
1353941
1354
1354252
1354271
1354275
1354301
1354303
1354304
1354314
1354337
1354722
1354791
1354889
1355015
1355368
1355374
1356299
1356306
1356852
1356854
1357279
135735
135739
1357399
1357400
1357915
1357916
1358
135826
1359
1359163
1359168
1359208
136273
1363
1364
1365188
1365249
1365251
1365254
136547
1366046
1366050
1367477
1367847
1367852
1368418
136857
13689
13690
136993
1370120
1370122
1371
137265
1374
137584
137591
1376
137658
1377
137722
137733
1378080
1378168
137838
1379
1379159
1379258
1379270
1379281
1379680
1379698
1379702
1379858
1379870
1379909
1379910
1380346
1380347
1380348
1380350
1380353
1380354
1380355
1380356
1380357
1380370
1380372
1380376
1380380
1380384
1380385
1380386
1380388
1380389
1380390
1380391
1380392
1380393
1380394
1380430
1380600
138074
1380763
1380770
1381
1381081
1381123
138119
1381596
1381597
1381751
1382303
1382304
1382305
1382306
1382315
1382356
1382357
1382358
1382359
1382798
1383
1384049
1384054
1384056
1384057
1384065
1384066
1384078
1384081
1384459
1384484
1384589
1385368
1385369
1385420
1385510
1385511
1385512
1385513
1385514
1385515
1385517
1385518
1385519
1385520
1385521
1385663
1385664
1385699
1385935
1385984
1386089
1386969
1387197
1387277
1387353
1387555
1387557
1387569
1388748
1388752
1388753
1388755
1388763
1389006
1389489
1390249
1390395
1391627
1391647
1391653
1391654
1391729
139208
1392486
1392487
1392488
1392489
1392490
1392491
1392493
1392494
1392497
1392498
1392540
1392836
1392877
1392998
1393
1393034
1393122
1394175
1394176
1394709
1394710
1394711
1394712
1394889
1395513
1395571
1396141
1396418
1396821
1396826
1397
1397108
1397275
1397278
1397282
1397527
1397666
1397694
1397696
1397699
1398
1398491
1399
1399147
1399419
1399797
1399798
1399968
1399969
140
1400001
1400053
1400520
1400522
1400524
1400525
1400863
1401
1401064
1401244
1401258
1401260
1401328
1401685
1402135
140314
1403316
1403537
1403819
1403948
1404245
1405
1406
140626
1406840
1406858
1407055
1407071
1407499
1407650
1408
1408159
1408160
1408164
1408189
1408192
1408226
1408250
1408254
1408281
1408287
1408303
1408304
1408305
1408306
1408310
1408311
1408319
1408320
1408321
1408322
1408323
1408324
1408415
1408416
1408417
1408422
1408424
1408430
1408433
1408435
1408437
1408438
1408439
1408442
1408444
1408452
1408473
1408890
1409788
1410383
1410573
1410574
1410606
1410609
1410610
1410613
1410616
1410617
1410618
1410619
1410621
1410622
1410624
1410626
1410627
1410630
1410631
1410632
1410633
1410634
1410638
1410649
1410650
1410652
1410653
1410661
1410664
1410666
1410671
1410672
1410676
1411123
1411141
1411621
1411685
1411903
1412871
1412872
1412873
1412874
1413210
1413211
141349
1414651
1414654
1414718
1414719
1414722
1414854
1415166
1415541
1415542
1415544
1415546
1415549
1415657
1415756
1415773
1415778
1415779
1415780
1416753
1416759
1416778
1416779
1416801
1416803
1416806
1416969
1417229
1417230
1419482
1419722
1419876
1420583
1420591
1420851
1420916
1420917
1421
1421013
1423144
1423321
1423322
1423323
1423715
1423719
1423720
1423721
1423724
1423725
1423726
1423727
1423729
1423730
1423731
1423734
1423735
1423738
1423739
1423740
1423743
1423744
1423745
1423746
1423747
1423748
1423750
1423751
1423752
1423753
1423754
1423755
1423758
1423759
1423763
1423764
1423770
1423773
1423774
1423775
1423776
1423777
1423778
1423780
1423781
1423782
1423783
1423788
1423790
1423792
1423794
1423795
1423796
1423801
1423802
1423803
1423804
1423806
1423807
1423809
1423810
1423811
1423812
1423813
1423814
1423815
1423817
1423818
1423820
1423892
1423959
1424294
1424334
1424659
1424661
142588
1426
1427503
1427518
1427984
142842
1428448
1428620
1428628
1428644
1428652
1428657
1429043
1429083
1429916
1430326
1430440
1431546
1431688
1432049
1432056
143223
143224
1432562
1432656
1432788
1433126
1433287
1433844
1434072
1434100
1434103
1434104
1434107
1434108
1434110
1434111
1434118
1434123
1434232
1434325
1434700
1434701
1434752
1435051
1435069
1435349
1435377
1436961
1437059
1437360
1437425
1437523
1437600
1437603
1437605
1437606
1437607
1437608
1437609
1437610
1437824
1437874
1437875
1437876
1437877
1439940
1440053
144026
1440762
1440763
1440774
1441095
1441629
1441930
1442136
1442598
1442599
1443103
1443111
1443113
1443665
1443666
1443905
1443941
1443993
1444314
1444712
1444770
1445510
1445607
1446475
1447715
1447716
1447782
1448389
1448857
1448860
1449046
1449049
1449050
1449063
1449070
1449076
1449080
1449087
1449126
1449337
1449338
1449342
1449343
1449345
1449346
1449347
1449350
1449351
1449352
1449353
1449355
1449357
1449976
1449983
1450524
1450648
1450649
1450761
1451189
1452
1452364
1452487
1452535
1452537
145261
1453349
1453352
1453429
1453495
1453497
1453498
1453500
1453501
1453505
1453999
1454000
1454001
1454003
1454004
1454005
1454006
1454010
1454201
1454373
145458
1455
1455061
1455608
1457154
1457250
1457393
1458253
1458275
1458307
1458357
1458425
1458426
1458427
1458461
1458462
145854
145857
1458985
1459
1459636
146017
146018
146020
146021
1460634
1460637
1460642
1460644
1460649
1460650
1460652
1460653
1461259
1461260
1461322
1461577
1461579
1461581
1461582
1461583
1461584
1461693
1461694
1461752
1462439
1462524
1462526
1462527
1462730
1462747
1462996
1463156
1463820
1463821
1463825
1463833
1463841
1463854
1463856
1463857
1463858
1463861
1463878
1463880
1463881
1463887
1463900
1463901
1463902
1463909
1463917
1463920
1463921
1463926
1463934
1464122
1464123
146536
1465490
1465756
146817
146827
146891
1469144
146922
146923
1469245
1469502
1469557
1469607
1469647
1469948
1470200
1470434
1470562
1470563
1470575
1470591
1470593
1471202
1471456
1471459
1471463
1471469
1471493
1471501
1471508
1471509
1471522
1471761
1472
1472378
1472418
1472719
1472767
1473580
147375
1475481
1476
147645
1476577
1476583
1476857
1476973
1477105
1477437
1478
1478175
1479
1479235
1479237
1479238
1479239
1479485
1479623
1479651
1480615
1480675
1480694
1481893
1481914
1481928
1481929
1481930
1481932
1482
1483599
1484
1484053
1484116
1484118
1484157
1484158
1484460
1484693
1485543
1485544
1485545
1486034
1486262
1486859
1487582
1487921
1487953
1487956
148814
1488328
1489064
1490
1490052
1490484
1491
1492
1492281
1492737
1492738
1492898
1492922
1494
1494590
1494608
1495045
1495050
1495066
1495067
1495144
1495336
1495769
1496688
1496689
1497
1497020
1497613
1497679
1497953
1497954
1497955
1498499
1498500
1499107
1499498
1499499
1499502
1499679
1499680
1499681
1499683
1499684
1499685
1499686
1499687
1499688
1499689
1499966
1499967
1500257
1500258
1500259
1500261
1500262
1500263
1500264
1500270
1500279
1500280
1500284
1500285
1500286
1500290
1500292
1500293
1500294
1500295
1500301
1500304
1500305
150033
150056
1500890
1500893
1500894
1500895
1500897
1500960
1501
150121
150123
1501268
1501269
150146
1502291
150248
1502724
1502745
1502748
1502749
1502752
1502753
1502758
1502760
1502764
1502770
1502773
1502775
1502850
1502851
1502852
1503
1503054
1503925
1503961
1504
1504316
1504317
1504318
1504319
1504672
1504822
1504981
1505
1505596
1505597
1505605
1505723
1505725
1505727
1505757
1505907
1505932
1505933
1505936
1505946
1506583
1506585
1506994
1508389
1508404
1509403
1509405
1510458
1510531
151081
1510841
1511
1511746
1512
1513270
1513271
1513468
1513793
1513896
1514105
1514668
1514904
1514971
1515439
1515612
1515613
1515617
1515746
1516104
1517416
1518501
151894
1519
1519377
1519438
1519464
1519471
1519492
1519494
1519643
1520
1520801
1520802
1520811
1520812
1520813
1520815
1520816
1520817
1520819
1520820
1520823
1520825
1520826
1520827
1520828
1520829
1520830
1521187
1522308
1522309
1522310
1522311
1522312
1522315
1522317
1522318
1522368
152268
152297
152331
1523413
1523417
1523418
1523420
1523422
1523423
1523424
1523425
1523427
1523428
1523430
1523432
1523503
1524254
1524460
1524463
1524467
1525
152573
1526
1526571
1526658
1526735
1526927
1527
1527293
1527444
1527607
1528
1528098
1528099
1528100
1528106
1529
1529006
1529069
1530186
1531429
1531955
1531958
1531961
1531962
1532555
1532558
1533
153496
1535287
1535422
1535751
1536641
1536651
1536652
1536770
1536772
1536773
1536774
153721
153730
1537715
1537915
1537917
1537994
1538294
1538295
1538463
1538553
1538644
1539051
1539065
1539066
1539142
1539298
153948
153971
1540221
1540257
154046
1541065
1541959
1542390
1543381
1543721
1544413
1544416
1544451
1544798
1545044
1545442
1545443
1545702
1545728
1545915
154621
1547283
1547436
1547437
1547445
1547516
1547922
1548
1548018
1548149
1548151
1548207
1548208
1548547
1548749
1549748
154981
1549810
1549812
1549855
1549858
1550035
1550073
1550091
1550230
1550231
1550232
1550233
1550241
1550400
1550401
1550402
1550566
155085
1552
1552121
1552123
1553907
1555112
155515
1555194
155617
155618
155865
155892
155974
1560201
1560217
1560234
1560345
1560354
1561
1561003
1561004
1561022
1561023
1561203
1561204
1561206
1561217
1561964
1562698
1562701
1562720
1562888
1562970
1563157
1563681
1564113
1564114
1564506
1564681
1564956
1565129
1565605
156586
1565991
1566023
1566248
1566261
1566262
1566263
1566270
1566271
1566275
1566278
1566279
1566282
1566283
1566285
1566299
1566358
1566387
1566885
1567107
1567108
156889
156892
1569209
1569353
156976
156978
156980
156994
1570137
1570328
1570340
1570341
1570342
1570343
1570344
1570345
1570346
1570360
157076
1570823
1570939
1571
1571877
1572645
1572656
1572701
1572751
1574263
1574264
1574624
157463
1575
1576369
1576480
1576605
157687
1577051
1577075
157733
1577474
1577588
1577684
1577686
1577687
1577791
1577792
157782
157783
1577895
1577896
1577902
1577903
1577904
1577905
1578165
157838
1578720
157910
1579316
1579343
1579367
1579370
1579373
1579376
1579378
1579424
1579979
1580092
1581011
1581038
1581050
1581066
1581069
1581089
1581129
1581143
1581420
1581557
1581680
158189
158190
1582
1582223
1582439
1583
1583099
1584
158500
1585697
1585974
1586267
158627
1586287
1586708
1587
1587527
158787
1588023
158822
158849
1588748
1588750
1588751
1588753
1588754
1588755
158898
1589
1590
1590651
159087
1591054
1591088
1592317
1592790
1592897
159290
159291
159292
159449
159450
1594731
1597955
1600
1601
1601833
1602171
1603038
1603293
1603299
1603555
1603606
1603886
1603888
1603897
1604
1604004
1604334
1604354
160453
160454
160488
160492
1605283
1605367
1605376
1605993
1606
160660
160791
160799
1608357
1608473
1608583
1608584
1608910
1608994
1608996
1609095
1609559
1609758
1609966
1609968
1609977
1610489
1610491
1610493
1610576
1610703
1611323
161156
1612
1612149
1612202
1612308
1612551
1612624
1613
161355
161358
161398
1614
161528
161536
1615890
1615892
1615909
1616
1616788
1616823
1617410
1617411
1617414
1617415
1617416
1617419
1617420
1617421
1617422
1617423
1617424
1617425
1617426
1617427
1617428
1617429
1617433
1617448
1618
1618023
1618204
1618207
1618332
1618333
1618336
1618337
1618342
1618345
1618346
1618350
1618356
1618358
1618360
1618364
1618369
1618372
1618384
1618386
1618387
1618388
1618392
1618404
1618408
1618419
1618434
1618436
1618443
1618446
1618452
1618463
1618464
1618469
1618477
1618478
1618480
1618481
1618483
1618484
1618490
1618492
1618505
1618510
1618520
1618526
1618529
1618539
1618540
1618541
1618542
1618545
1618550
1618558
1618563
1618566
1618570
1618572
1618573
1618574
1618578
1618583
1618589
1618595
1618600
1618607
1618633
1618637
1618643
1618646
1618647
1618659
1618664
1618665
1618671
1618696
1618707
1618709
1618710
1618713
1618715
1618723
1618738
1618747
1618748
1618754
1618756
1618758
1618760
1618773
1618780
1618784
161879
1618793
1618803
1618808
1618810
1618811
1618812
1618814
1618816
1618820
1618821
1618825
1618826
1618828
1618832
1618835
1618842
1618843
1618844
1618852
1618855
1618864
1618865
1618869
1618875
1618877
1618880
1618882
1618891
1618892
1618894
1618896
1618897
1618909
1618915
1618918
1618920
1618924
1618929
1618933
1618941
1618944
161895
1618950
1618952
1618959
161896
1618960
1618977
1618982
161899
1618991
1618993
1618994
1619002
1619007
1619013
1619036
1619037
1619044
1619046
1619047
1619048
1619049
1619050
1619055
1619057
1619061
1619066
1619067
1619068
1619070
1619071
1619073
1619075
1619076
1619077
1619078
1619079
1619081
1619084
1619085
1619086
1619100
1619103
1619110
1619122
1619142
1619232
1619234
1619308
1619313
1619897
1619898
1619947
1619952
162
1620
1620392
1620405
1620412
1620421
1621259
162156
162160
1621989
1622
1622070
1622072
1622073
162209
1622118
1622229
1622230
1622232
1622269
1623
1623448
162426
1627893
1628084
1628148
1628193
1628212
1628833
1628855
1628856
1629
1629124
1629334
1629708
1629710
1629712
1629713
1629715
1629716
1629717
1629718
1629719
1629720
1629721
1629722
163
1630
163003
1630135
1630136
1630693
1631
1631249
1631346
1631356
1631871
1632013
1632857
1632858
1632859
1632864
1632865
1633135
163359
1633631
1633874
1634516
1635005
1635173
1635257
1635258
1635259
1635262
1635264
1635272
1635274
1635275
1635278
1635284
1635286
1635291
1636152
1637501
1637509
1637837
1637975
1637998
1637999
1638161
1638162
1638163
1638643
1638782
1638981
1638982
1638984
1638985
1638987
1638988
1638989
1639
163908
1639348
1640508
1640509
1640512
1640513
1640514
1640516
1640685
1641165
1641376
1641382
1641401
1641811
1641875
1642040
1642570
1642646
1642647
1642818
1642949
1643353
1643428
1643429
1643450
1643452
164348
1643526
1643920
1644130
1644131
1645914
1645915
1645916
1646377
1646498
1647102
1647413
1647556
1648
1648404
1649580
1650354
1650658
1650661
1650662
1650663
165185
165186
165188
1652495
1653334
1653435
1653476
1653478
1653480
1654360
1654716
1655
1655308
1655310
1655312
1655433
1655503
1655586
1655592
1655596
1655612
1655625
1655638
1656094
1656909
1657
1658008
1658009
1658108
1658109
1658111
1658518
1658665
1658671
1658672
1658765
1658779
1659194
1659195
1659197
1659198
1659199
1659200
1659201
1659202
1660
1660064
1660067
1660073
1660074
1660087
1660088
1660089
1660094
1660095
1660099
1660104
1660128
1660129
1660132
1660138
1660141
1660144
1660154
1660160
1660161
1660162
1660163
1660251
1661
1661046
1661583
1661699
1661702
1661711
1661713
1661714
1661745
1662109
1662110
1662188
1662190
1662223
1662285
1662421
166314
166318
1663591
1663685
1664068
1664069
1664275
1664319
166486
1665555
1666905
1666906
1666909
1666911
1666912
1666913
1666914
1666916
1666917
1667357
1670446
1670619
1670800
1671624
1671628
1671629
1671630
1671631
1671635
1671636
1671637
1671639
1671640
1671641
1671642
1671643
1671644
1671645
1671648
1671649
1671650
1671651
1671652
1671653
1671654
1671655
1671656
1671657
1671659
1671660
1671661
1671662
1671663
1671664
1671665
1671875
1671876
1671877
1672749
1673428
1673717
1673718
1673719
1673721
1673723
1673724
1673726
1674146
1674291
1674798
1674805
1674809
1674810
1674824
1674827
1674833
1674842
1674843
1674845
1674846
1674847
1674848
1674849
1674850
1674851
1674852
1674858
1674861
1674863
1674865
1674889
1674894
1674896
1674899
1674912
1674913
1674914
1674916
1674920
1674923
1675034
167539
167542
167546
167548
167550
1675527
1676153
1676155
1676158
1676160
1676614
1676616
1676617
1677858
1677920
1678002
1678028
1678128
1678129
1678137
1678637
1678678
167879
1678840
1678841
1679001
1679165
1679166
1679168
1679169
1679170
1679444
1679489
1680467
1681
1681184
1681196
1681197
1682113
168276
1683
168384
1684
1684141
1684142
1684143
1684144
1684385
1685
1685010
1685126
1685377
1685378
1685379
1685380
1685382
1686064
1686286
1686287
1686289
1686296
1686310
1686381
1687
1688
1688776
1689268
1689269
1689271
1689272
1689303
168935
1689867
1690037
1690244
1690248
1690483
1690484
1690485
1690815
169177
1691903
1691979
1691980
1692
1692238
1692239
1692240
1692264
169292
1693
169427
169430
169435
1695218
1696072
1696173
169679
1697
1697043
1697053
169760
169765
1697780
1697781
1697787
1698521
1699309
1699310
1699623
1699624
169963
1700835
1700836
1700845
1702214
1702221
1702287
1702325
1703
1703332
1703341
1703345
1703361
1703390
1703391
1703396
1703398
1703399
1703404
1703406
1703407
1703411
1703414
1703426
1703427
1703428
1703762
1703764
1703765
1703767
1703768
1703770
1703779
1703920
1703927
1703933
1703937
1703942
1703969
1704044
1704235
1704281
1704307
1705
1705110
1705388
1705393
1705394
1705562
1705566
170573
1705730
170623
1706231
1706434
1706437
1706444
170651
1707785
1707952
1708715
1709001
1710355
1710701
1711
171101
171194
1712031
1712378
1712645
1712654
1712675
171291
1713
1713725
171383
1714016
1714253
1714258
1714261
1714264
1714300
1714344
1714354
1714355
1714371
1714373
1715017
1715052
1715083
1715285
1715691
1715692
1715693
1715806
1715989
1716141
1716143
1716176
171693
1718947
1718951
1718985
1718998
1719125
1719126
1720063
1720192
1720194
1720195
1720198
1720199
1720200
1720204
1720296
1720297
1720299
1720302
1720315
1720317
1720344
172043
1720553
1720554
1720557
172088
1721091
1723382
1723384
1724
1725
1725411
1727
172713
1727163
1727164
1727196
1729453
1729454
1729458
1729461
1729462
1729463
1729464
1729468
1729469
1729581
1729650
1729688
1729690
1729714
1729720
1729724
173
1730094
1732
1732019
1732020
1732021
1732023
1734395
1734398
1734399
1734406
1735012
1735114
1735162
1735326
1735670
1735672
1735676
1735679
1735682
1735683
1735684
1735685
1735686
1735688
1735689
1735690
1735693
1735695
1736
1736209
1736210
1736213
1736214
1736215
1736217
1736218
1736221
1736223
1736224
1736225
1736226
1736230
1736232
1736234
1736237
1736242
1736245
1736251
1736254
1736260
1736265
1736266
1736267
1736270
1736272
1736273
1736275
1736276
1736278
1736279
1736280
1736282
1736285
1736286
1736289
1736291
1736292
1736293
1736295
1736296
1736297
1736299
1736300
1736301
1736303
1736305
1736311
1736312
1736314
1736315
1736316
1736318
1736323
1736325
1736327
1736329
1736331
1736332
1736333
1736336
1736337
1736338
1736339
1736341
1736342
1736343
1736345
1736346
1736349
1736350
1736351
1736353
1736354
1736355
1736356
1736358
1736360
1736361
1736362
1736364
1736365
1736366
1736367
1736369
1736370
1736371
1736372
1736374
1736375
1736378
1736379
1736381
1736382
1736387
1736388
1736390
1736391
1736393
1736394
1736395
1736397
1736398
1736399
1736400
1736402
1736403
1736404
1736406
1736407
1736408
1736409
1736410
1736411
1736413
1736415
1736416
1736418
1736420
1736422
1736426
1736427
1736430
1736431
1736432
1736433
1736434
1736436
1736439
1736441
1736443
1736445
1736450
1736452
1736455
1736456
1736457
1736458
1736460
1736463
1736464
1736466
1736469
1736471
1736473
1736474
1736476
1736477
1736478
1736483
1736485
1736486
1736487
1736488
1736490
1736492
1736496
1736498
1736500
1736501
1736503
1736504
1736506
1736507
1736511
1736516
1736517
1736518
1736519
1736521
1736524
1736525
1736528
1736530
1736531
1736532
1736533
1736537
1736538
1736539
1736540
1736542
1736543
1736544
1736545
1736546
1736547
1736549
1736550
1736552
1736553
1736554
1736555
1736562
1736565
1736567
1736568
1736569
1736570
1736574
1736575
1736576
1736578
1736579
1736580
1736584
1736586
1736587
1736590
1736591
1736592
1736594
1736595
1736601
1736602
1736603
1736605
1736609
1736610
1736612
1736654
1736674
1736675
1736691
1737403
1737425
1737426
1737983
1738638
1739113
1739114
1739257
1739261
1739295
1739330
1739348
1739367
1739379
1739394
1739491
1739525
1739529
1739535
1739787
173990
1740090
1740163
1740263
1742358
1742359
1742724
1742858
1742859
1742865
1742866
1742972
1742973
1743140
1743144
1743146
1743157
1743159
1743167
1743168
1743169
1743230
1745182
1745378
1745712
1745713
1746199
1747
1747903
1748243
1748249
1749074
1749078
1749259
1750560
1750561
1750590
1750719
1751286
1751294
1751427
1752063
1752064
1752182
1752184
1752185
1752190
1752192
1752194
1752195
1752196
1752197
1752198
1752199
1752200
1752201
1752202
1752203
1752205
1752206
1752208
1752212
1752213
1752214
1752215
1752217
1752219
1752222
1752225
1752226
1752228
1752231
1752233
1752234
1752398
1755099
1755312
1755647
1756987
1758178
1758255
1758689
1759059
1759067
1759072
1759073
1759074
1759079
1759399
1759557
176090
1761746
1761747
1761750
1761751
1761753
1761761
1761774
1761782
1761803
1761804
1761809
1761874
1761878
1761880
1761882
1761883
1761885
1761886
1761887
1761888
1761889
1761891
1761893
1761898
1761899
1761900
1761904
1761906
1761907
1761910
176279
1762962
176299
1763534
1763535
1763536
1763537
1763538
1763560
1763882
1764958
1764963
1765
1765055
1765057
1765655
1765683
1765722
1765967
1766
1766203
1766620
1766719
1768
1768108
1768196
1768242
1768741
1768753
1768796
1768801
1768907
1769751
1769779
1770053
1770058
1771
1772271
1772275
1772277
1772282
1772283
1772284
1772285
1772286
1772287
1772333
1774
177413
177416
1774273
177437
177439
1774968
1774969
1774970
1775430
1775432
1775559
1775560
1775636
1775671
1775673
1775674
1775951
1775956
1776
1776045
1776083
1776294
1776334
1776378
1776379
1776381
1776382
1776384
1776385
1776387
1776390
1776391
1776392
1776758
1777
1777133
1777134
1777137
1777138
1777140
1777141
1777143
1777144
1777878
1777879
1777880
1777881
1778
1778262
1778263
1778264
1778481
1778770
1779368
1779369
1779370
1779371
1779382
1780
1780376
1780377
1780378
1780379
1780380
1780381
1781243
1781246
1781247
1781255
1782
1783
178306
178339
1783499
1783515
1783518
178355
178356
1784
1784823
1785091
1785156
1785995
1785996
1786003
178606
1787
178774
1788
1789
1789004
178901
1789224
1790
1790137
1791
1792290
1792306
1792307
1792309
1792508
1792543
1792834
1792835
1792845
1793
1793723
1793725
1793726
1793963
179408
1794908
1794912
1795
1795043
1795053
1795556
1795630
1795631
1795632
1795827
1795832
1796
1796033
1796497
1796606
1796613
1796616
1797
1797110
1797171
1797174
1797180
1797181
1797183
1797186
1797191
1797194
1797197
1797200
1797204
1797208
1797213
1797217
1797220
1797225
1797229
1797230
1797238
1797240
1797243
1797245
1797247
1797259
1797261
1797263
1797264
1797269
1797271
1797274
1797275
1797277
1797278
1797288
1797291
1797298
1797299
1797303
1797308
1797314
1797316
1797319
1797327
1797328
1797333
1797334
1797335
1797337
1797339
1797340
1797341
1797342
1797343
1797344
1797347
1797348
1797351
1797354
1797359
1797364
1797365
1797377
1797379
1797380
1797381
1797383
1797384
1797386
1797388
1797389
1797391
1797395
1797401
1797403
1797404
1797457
1797460
1797469
1797471
1797472
1797475
1797476
1797477
1797479
1797486
1797490
1797492
1797497
1797499
1797503
1797505
1797512
1797513
1797516
1797517
1797529
1797532
1797533
1797534
1797535
1797539
1797542
1797545
1797549
1797551
1797552
1797558
1797562
1797564
1797566
1797569
1797572
1797574
1797576
1797579
1797580
1797582
1797585
1797588
1797589
1797593
1797594
1797595
1797601
1797603
1797610
1797612
1797613
1797616
1797623
1797625
1797626
1797641
1797648
1797649
1797651
1797656
1797657
1797658
1797659
1797660
1797661
1797662
1797663
1797669
1797672
1797679
1797680
1797681
1797682
1797683
1797689
1797690
1797692
1797693
1797696
1797711
1797714
1797715
1797716
1797724
1797725
1797727
1797729
1797731
1797732
1797736
1797737
1797746
1797747
1797756
1797758
1797760
1797768
1797775
1797780
1797783
1797785
1797788
1797789
1797790
1797794
1797795
1797796
1797802
1797804
1797805
1797808
1797809
1797811
1797814
1797816
1797818
1797820
1797824
1797825
1797827
1797829
1797832
1797834
1797835
1797837
1797840
1797842
1797843
1797845
1797846
1797847
1797856
1797858
1797862
1797867
1797874
1797879
1797881
1797887
1797894
1797902
1797903
1797904
1797905
1797906
1797911
1797913
1797915
1797916
1797921
1797922
1797923
1797924
1797926
1797927
1797928
1797929
1797935
1797937
1797939
1797942
1797945
1797946
1797948
1797952
1797957
1797959
1797961
1797962
1797967
1797968
1797969
1797971
1797973
1797977
1797980
1797983
1797984
1797985
1797988
1797989
1797994
1797995
1798
1798000
1798002
1798009
1798010
1798013
1798014
1798015
1798016
1798018
1798168
1798182
1798183
1798184
1798186
1798193
1798195
1798213
1798214
1798222
1798223
1798225
1798227
1798228
1798239
1798243
1798244
1798247
1798254
1798257
1798261
1798262
1798263
1798266
1798271
1798272
1798274
1798275
1798276
1798277
1798278
1798279
1798280
1798281
1798283
1798285
1798286
1798287
1798288
1798293
1798299
1798301
1798305
1798308
1798316
1798317
1798318
1798321
1798325
1798331
1798332
1798338
1798342
1798351
1798357
1798364
1798366
1798368
1798370
1798371
1798373
1798374
1798375
1798377
1798381
1798382
1798383
1798384
1798385
1798391
1798392
1798396
1798401
1798404
1798405
1798406
1798407
1798409
1798410
1798420
1798421
1798422
1798427
1798430
1798433
1798452
1798453
1798454
1798462
1798468
1798470
1798471
1798473
1798474
1798475
1798480
1798481
1798482
1798491
1798492
1798494
1798495
1798496
1798497
1798499
1798500
1798507
1798508
1798510
1798512
1798513
1798515
1798516
1798517
1798525
1798531
1798533
1798535
1798536
1798539
1798540
1798542
1798543
1798546
1798550
1798551
1798553
1798556
1798557
1798561
1798564
1798567
1798568
1798570
1798571
1798572
1798573
1798574
1798576
1798582
1798586
1798588
1798591
1798593
1798595
1798598
1798602
1798603
1798605
1798607
1798614
1798615
1798620
1798622
1798632
1798644
1798647
1798649
1798650
1798652
1798653
1798656
1798657
1798661
1798662
1798664
1798665
1798667
1798676
1798677
1798680
1798682
1798683
1798685
1798688
1798689
1798690
1798692
1798697
1798702
1798704
1798705
1798706
1798709
1798802
1798803
1798805
1799664
1799789
1801
1801604
1801606
1801607
1801609
1801611
1801615
1801619
1801620
1801629
180163
1801630
1801632
1801637
1801638
1801639
1801643
1801646
1801648
1801649
1801654
1801658
1801660
1801663
1801668
1801672
1801677
1801689
1801691
1801697
1801698
1801702
1801708
1801712
1801717
1801725
1801726
1801730
1801731
1801732
1801735
1801737
1801743
1801746
1801748
1801750
1801752
1801754
1801756
1801762
1801763
1801764
1801766
1801770
1801771
1801773
1801774
1801775
1801776
1801779
1801780
1801797
1801803
1801808
1801812
1801814
1801817
1801818
1801819
1801820
1801823
1801826
1801829
1801831
1801834
1801835
1801839
1801840
1801841
1801847
1801849
1801854
1801856
1801857
1801860
1801867
1801869
1801871
1801877
1801880
1801884
1801885
1801892
1801896
1801897
1801900
1801902
1801904
1801906
1801917
1801918
1801920
1801925
1801930
1801931
1801934
1801943
1801944
180195
1801951
1801952
1801957
1801958
1801959
1801961
1801962
180197
1801974
1801980
1801981
1801989
1801990
1801992
1801997
1802000
1802009
1802013
1802014
1802021
1802034
1802035
1802036
1802040
1802041
1802055
1802056
1802057
1802060
1802061
1802062
1802063
1802064
1802067
1802068
1802069
1802072
1802074
1802089
1802094
1802095
1802096
1802107
1802114
1802115
1802117
1802126
1802128
1802129
1802130
1802132
1802135
1802137
1802138
1802142
1802143
1802146
1802154
1802158
1802160
1802163
1802164
1802165
1802166
1802172
1802174
1802177
1802179
1802181
1802184
1802189
1802190
1802193
1802195
1802196
1802200
1802202
1802205
1802206
1802207
1802210
1802214
1802216
1802223
1802224
1802229
1802241
1802250
1802253
1802256
1802259
1802270
1802271
1802274
1802277
1802279
1802280
1802281
1802283
1802284
1802291
1802301
1802306
1802308
1802312
1802313
1802314
1802315
1802319
1802320
1802333
1802335
1802337
1802338
1802342
1802348
1802352
1802354
1802362
1802363
1802367
1802370
1802374
1802376
1802380
1802382
1802385
1802389
1802390
1802391
1802397
1802399
1802400
1802401
1802407
1802410
1802418
1802421
1802424
1802428
1802431
1802435
1802436
1802438
1802439
1802440
1802443
1802444
1802448
1802451
1802457
1802461
1802465
1802471
1802479
1802481
1802483
1802484
1802485
1802500
1802505
1802511
1802513
1802514
1802515
1802516
1802517
1802519
1802521
1802525
1802526
1802532
1802538
1802540
1802552
1802555
1802556
1802557
1802559
1802562
1802566
1802568
1802571
1802572
1802579
1802580
1802582
1802583
1802591
1802593
1802595
1802596
1802597
1802603
1802605
1802610
1802613
1802616
1802617
1802619
1802620
1802624
1802627
1802628
1802630
1802631
1802640
1802651
1802653
1802656
1802660
1802661
1802662
1802668
1802669
1802678
1802685
1802689
1802690
1802694
1802695
1802697
1802701
1802702
1802706
1802707
1802711
1802713
1802722
1802723
1802726
1802727
1802729
1802730
1802735
1802737
1802746
1802755
1802758
1802759
1802764
1802765
1802768
1802770
1802772
1802773
1802780
1802782
1802784
180281
180332
1803372
1803424
1803431
1803443
1803466
1803496
1803498
1803508
1803587
1803665
1803814
1803815
1803818
1804758
1804984
1805003
1805026
1805029
1805032
1805033
1805034
1805037
1805038
1805051
1805053
1805080
1805081
1805088
1805094
1805095
1805096
1805098
1805121
1805125
1805127
1805128
1805129
1805131
1805132
1805133
1805145
1805146
1805158
1805159
1805160
1805166
1805172
1805202
1805209
1805210
1805214
1805216
1805218
1805220
1805221
1805225
1805236
1805237
1805238
1805239
1805240
1805247
1805249
1805251
1805252
1805254
1805255
1805272
1805276
1805277
1805278
1805279
1805280
1805281
1805282
1805284
1805286
1805287
1805288
1805290
1805291
1805292
1805299
1805300
1805302
1805303
1805304
1805305
1805306
1805307
1805308
1805310
1805312
1805313
1805315
1805316
1805317
1805318
1805320
1805323
1805324
1805325
1805333
1805367
1805369
1805370
1805375
1805376
1805377
1805378
1805390
1805397
1805400
1805401
1805402
1805411
1805420
1805421
1805425
1805426
1805427
1805428
1805429
1805430
1805470
1805471
1805472
1805473
1805474
1805475
1805477
1805478
1805634
1805635
1805714
1805819
1805827
1806484
1806668
1806669
1806670
1806837
1806885
1806891
1806892
1806905
1807
1807500
1807729
1807730
1807731
1807732
1807734
1807735
1807736
1807738
1807739
1807740
1807742
1807743
1807745
1807746
1807749
1807751
1807752
1807753
1807754
1807755
1807757
1807766
1809061
1809410
180957
180978
1810504
1811193
1811386
1811533
1811547
1811558
1811586
1811594
1811597
1811612
1811619
1811624
1811637
1811651
1811661
1811664
1811976
1812480
1812810
1812911
1813019
1813033
1813736
1813946
1814128
1814289
1816218
1816219
1816676
1816677
1816678
1816680
1816681
1816684
1816686
1816688
1816690
1816691
1816693
1816694
1816695
1816696
1817722
1817727
1817737
1817738
1817743
1817745
1817747
1817748
1817750
1817751
1817756
1817758
1817760
1817764
1817768
1817770
1817772
1817813
1817814
1817816
1817817
1817821
1817822
1817824
1817825
1817828
1817832
1817834
1817841
1817849
1817850
1817856
1817859
1817861
1817863
1817864
1817867
1817870
1817871
1817873
1817874
1817883
1817889
1817892
1817893
1817894
1817895
1817897
1818881
1819727
1820336
1821260
182141
1821621
182217
182270
1823756
1823759
1824
1825069
1826872
1826909
182710
1827136
1827324
1827365
1827376
1827377
1827381
1827384
1827385
1827387
1827469
1828
1829
183
1830
1833
1833852
1834066
1834067
1834069
1834073
1834076
1834077
1834078
1834081
1834082
1834083
1834089
1834092
1834094
1834097
1834105
1834106
1834109
1834111
1834112
1834116
1834117
1834119
1834121
1834123
1834128
1834129
1834134
1834137
1834138
1834143
1834144
1834149
1834154
1834158
1834160
1834161
1834181
1834189
1834191
1834196
1834198
1834200
1834205
1834207
1834512
1834516
1834519
1835005
1835254
1835721
1835723
1836467
1836886
1837170
1837282
183762
183763
1838280
1838285
1838286
1838287
1839783
1839801
1839807
1839936
1840087
1840095
1840217
1840472
1840537
1841599
1841610
1841653
1841654
1841856
1841857
1841859
1841860
1841861
1841862
1841863
1841865
1841867
1841868
1842532
1842533
1842534
1842535
1842536
1842537
1842539
1842540
1842727
1843236
1843368
1843580
1843581
1844
1844006
1844708
1844758
1844760
1844972
1847728
1848
1848038
1848039
1848158
1848189
1848190
1848291
1848292
184870
1848766
1848903
1849032
1849167
1849168
1849170
1849171
1849358
1849359
1849360
1849383
1849491
1849719
1849967
1849968
185007
185008
1850094
1850246
1850250
1850252
1850254
1850361
1850362
1850517
1850526
1851148
1851204
1851429
1851544
1852361
1852362
1852364
1852365
1852366
1852368
1852370
1852372
1852373
1852374
1852375
1852376
1852378
1852379
1852381
1852383
1852384
1852386
1852387
1852388
1852390
1852391
1852522
1852617
1852618
1852619
1852621
1852776
1853130
1853258
1853259
1853690
1854058
1855282
1855283
1855285
1855289
1855291
1855292
1855297
1855299
1855300
1855301
1855303
1855305
1855306
1855314
1855315
1855317
1855318
1855319
1855321
1855322
1855324
1855325
1855333
1855336
1855338
1855340
1855343
1855346
1855347
1855348
1855349
1855351
1855370
1855373
1855374
1855375
1855377
1855383
1855384
1855394
1855400
1855401
1855519
1855657
1855662
1855726
1855728
1855729
1855823
1856405
185642
1856638
1856685
1856850
1856861
1856862
1857568
185761
1857645
1857892
1859457
1859473
1860085
1860086
1860092
1860093
1860094
1860095
1860096
1860100
1860102
1860122
1860125
1861
186116
1861784
1862672
1862950
186490
186497
1867258
1867260
1867952
1867956
1868283
1868285
1868286
1868325
1869
1869167
1869245
1869302
1870984
1870985
1870987
1870990
1870991
1870993
1870994
1870997
1871002
1871003
1871005
1871006
187101
1871012
1871013
1871014
1871015
1871016
1871017
1871018
1871020
1871021
1871022
1871023
1871025
1871028
1871030
1871031
1871033
1871034
1871035
1871110
1871111
1871336
187272
187303
187304
1873176
187330
1873462
1873482
1873524
1873712
187420
1874317
1874630
187493
187868
1878935
1878942
1878999
1879023
1879031
1879049
1879050
187979
1880899
1880902
1881015
1881017
1881021
1881028
1881030
1881031
1881032
1881035
1881037
1881038
1881039
1881040
1881042
1881043
1881044
1881045
1881046
1881047
1881048
1881049
1881054
1881056
1881057
1881058
1881059
1881060
1881061
1881066
1881067
1881068
1881103
1881858
1882399
1882406
1882734
1882747
1882748
1882749
1882751
1882752
1882753
1882754
1882757
1882758
1882760
1882761
1882764
1882768
1882772
1882773
1882774
1882821
1882823
1882825
1882826
1882828
1882831
1882832
1882833
1882918
1883416
1884263
1884310
1884352
1884358
1884359
1884364
1884365
1884367
1884368
1884369
1884373
1884377
1884381
1884382
1884386
1884432
1884656
1884657
1884788
1884789
1884871
1885902
1886027
1886670
1888
1888195
188872
1888890
1888891
1888892
1888913
1888995
1889
188906
188915
1889262
188932
188937
1889770
1889784
1889813
1889883
1889913
1890
1890285
1890733
1891224
1891280
1891671
1891675
1891914
1891920
1891921
1891926
1891970
1892596
1892843
1892844
1892845
1892846
1892847
1892869
1893
189381
189382
1894
189425
189426
1895005
189518
1895689
1895690
1895696
1895701
1895704
1895705
1895706
1895707
1895708
1895709
1895714
1895716
1895717
1895720
1895723
1895727
1895729
1895733
1895735
1895736
1895739
1895740
1895743
1895745
1895746
1895751
1895752
1895753
1895754
1895756
1895763
1895767
1895771
1895778
1895780
1895781
1895782
1895783
1895785
1895788
1895789
1895790
1895791
1895792
1895794
1895795
1895798
1895806
1895807
1895809
1895810
1895811
1895812
1895813
1895814
1895815
1895816
1895817
1895822
1895823
1895824
1895825
1895826
1895828
1895829
1895832
1895834
1895835
1895837
1895838
1895839
1895841
1895845
1895848
1895849
1895854
1895858
1895859
1895860
1895861
1895862
1895867
1895868
1895869
1895899
1895900
1895901
1895905
1895921
1895922
1895923
1895924
1895925
1895926
1895927
1895928
1895934
1896
1896164
1896169
1896196
1896202
1896209
1896210
1896212
1896216
1896217
1896224
1896965
1896966
1896972
1896975
1896977
1896978
1896979
1896981
1896982
1896983
1896984
1896987
1896990
1896993
1896999
1897000
1897001
1897005
1897008
1897011
1897012
1897016
1897025
1897028
1897034
1897037
1897040
189753
1897620
1897630
1897634
1898042
1898044
1898108
1898176
1898203
1898207
189873
1898731
1898736
1898738
1898742
1898743
1899017
189918
1899350
1901
190148
190192
1902299
1902579
190304
1903117
1903180
1903181
1903186
1903261
1903262
1903263
1903686
1903952
1904462
1904640
1904807
190485
1904944
1904962
1904965
1904966
1904969
1905
1905358
1905359
1905847
1906
1906137
1906157
1906166
1906167
1906246
1906324
1906333
1906334
1906738
1906740
1906741
1906742
1906744
1906745
1907
190721
1907390
1907397
1907398
1907403
1907408
1907413
1907415
1907416
1907658
1907659
1907666
1907766
1907939
1907941
1908205
1908257
1908258
1908260
1908264
1908266
1908389
1908520
1908525
1908540
190893
1909395
1909671
1909732
1909734
190974
1910958
1911
1911586
1911587
1911682
1911687
1911907
1912
1912092
1912139
1912213
1912214
1912795
1912856
191292
1912961
1913078
1913445
1913576
1913577
1913578
1914305
1914408
1914963
1914994
1915
1915004
1915074
1915077
1915078
1915316
1915400
191610
1916320
1916322
1916956
1917143
1917157
1917158
1917163
1917164
1917165
1917463
1917485
1917528
191770
1917878
1917883
1917887
1918496
1918497
1918502
1918507
1918508
1918945
1918946
1918948
1918949
1919273
1919279
1919280
192
1920190
1920419
1920421
1920422
1920490
1920636
1920667
1920883
1920889
1921010
1921144
1921421
1921510
1921549
1921764
1921803
1922217
192222
1922337
192421
1924269
1924286
1924934
1925020
1925589
1925591
1925762
1926277
1926278
1926280
1926284
1926285
1926286
1926478
1926479
1926494
1926588
1926599
1926878
1926881
1927122
1927124
192814
192843
1928617
1928762
192903
192904
1929465
193
1930
1930000
1930002
1930004
1930012
1930013
1930015
1930016
1930019
1930020
1930251
1930532
1930546
1930849
1931241
1931274
1932360
1932366
1933035
1933220
1933777
1933778
1933779
1933817
1933868
1933880
1933903
1933904
1933906
1933912
1934255
1934309
193461
193462
1934979
1934984
1934988
1934992
1934994
1934996
1934998
1935
1935003
1935016
1935047
1935049
1935102
1935106
1935107
1935108
1935110
1935119
1935120
1935123
1935129
1935136
1935139
1935140
1935142
1935146
1935147
1935149
1936003
1936025
1936029
1936063
1936080
1936081
1938
1938600
1938604
1938605
1938607
1938608
1938609
1938741
1938756
1938817
1938898
1940240
1940241
1940790
1941349
194197
1943
1943579
1943580
1943582
1943632
1944133
194439
1944639
1944646
1945512
1945520
1945521
1945662
1945854
1945855
1945856
1945857
1945858
1945859
1945860
1945861
1945862
1945863
1945864
1945890
1945891
194867
194963
195
195064
195103
195105
195250
195253
1954237
1955065
195522
1955422
1955620
1955698
1955701
1956161
1956165
1956166
1956173
1957
195801
1958780
195913
1960827
1960879
1960940
1961091
1961094
1961100
1961101
1961105
1961107
1961108
1961110
1961113
1961114
196162
196164
1962155
1962177
1962178
1962264
1963
196367
1963862
1964383
1964449
196490
1965358
196627
1968
1968522
1968527
1968528
1969111
1969733
1970199
1970471
1970769
1970772
1970780
1970781
1970783
1971621
1971624
1971627
1971629
1971633
1971638
1971726
1971727
1972192
197221
1972460
1974213
197461
197479
1975722
1977864
1977865
1977874
1977875
1977876
1977877
1977878
1977880
1977881
1977882
1977883
1977884
1977912
1978339
1978342
1978549
1978759
1978760
1978762
1978763
1978764
1978765
1980001
198092
1981054
198107
1981171
1981173
1981685
1981712
198252
198312
198467
1985169
1985170
1985171
1985172
1985173
1985174
198616
198620
198628
1987383
1987385
198804
198822
199
199136
1993
199441
1996
200120
200126
2002
200378
200904
200991
201
2017
201973
202
202752
202789
202947
202950
202951
202952
202954
202955
202956
203119
203122
203123
203124
203267
203275
2033
2035
2036
203907
2041
2045
204536
204669
2047
204773
204799
2055
205918
205920
205922
206042
2064
206403
206506
206665
206672
207340
2074
207559
207949
207954
208223
208224
208435
208439
208445
208480
208596
209389
2094
209880
210
2100
210007
211
211114
211165
2113
211460
211586
211589
212042
212667
212717
212767
2133
213554
213585
213588
2138
213810
214092
214095
214856
215200
215689
215743
216
216142
2162
216432
216463
216594
216599
216778
216903
216938
216942
216946
217031
217204
217511
2177
218140
218284
218491
218493
218495
218672
218673
218821
218936
219305
219572
2200
220664
220668
220684
220686
220687
220714
220927
221027
221109
221126
221288
221359
221360
221988
222136
222534
2226
222805
222891
222984
223184
223283
223786
223900
224013
224324
224325
224326
224719
2248
224911
224915
224999
225004
225324
225326
225345
225843
225848
225849
225937
225991
225992
226185
226186
226505
226506
226900
226910
227084
227316
227377
227598
227941
228230
228400
228405
228410
228576
228908
228957
228958
228959
229203
229204
229205
229919
229920
229921
23
230089
230356
230361
2309
231434
232089
232346
232348
232363
2325
232721
232846
233100
233316
233412
2340
2342
234267
235205
235279
235909
235985
236097
236814
237018
237069
237258
237609
237610
237679
237682
237727
238
239498
240015
240016
240292
240302
240303
240427
241145
241244
242231
2423
242619
243061
243090
243159
243164
243230
243231
243232
243233
243265
243272
243273
243274
243275
243276
243277
243365
243924
244
244292
244328
244362
244581
244582
245187
246
246191
246194
246195
246196
246197
246199
246200
246273
246432
246786
246787
246969
247156
247279
247490
247523
247633
247634
249189
249352
249408
251221
251229
252246
252305
252474
252514
253
253839
254
254161
254406
254757
255045
255205
255247
256
257309
257313
257708
257758
258052
258515
258533
258594
258723
259536
259564
260084
260086
260552
260936
261164
261292
261299
261317
261392
261654
262004
262209
262316
262320
262324
262543
262667
262668
262723
262768
262898
263358
263474
263475
263820
263849
263852
264198
264199
264201
264202
264203
264251
264462
264697
264731
264732
265072
265311
265668
265719
265726
265901
265960
266117
266128
266264
266265
266748
266749
266762
266779
266809
266892
266940
267128
267212
267377
267608
267748
267850
268407
268739
269484
269536
269660
269670
269796
269797
269798
269799
269800
2702
270351
270498
270918
271157
271420
2718
272123
272134
272557
272558
272560
272561
272562
272563
272568
272569
272620
272621
272624
272626
272627
272630
272631
272632
272633
272635
272773
272843
272844
272942
272943
272947
273035
273057
273063
273068
273075
273116
273119
273121
273526
273677
273678
2741
274537
2746
2748
274854
2754
2756
276
277
277988
278197
278959
278961
278963
279010
279058
279113
279143
279238
279360
279813
279824
280093
28026
28028
280332
28034
28035
28037
28038
28042
28045
28047
28052
28066
28072
28082
28083
28084
28085
28087
280871
28090
28091
28092
28094
28099
28108
281090
28110
28115
28116
28117
28122
28125
28128
28131
28134
28136
281362
281376
28141
28152
28173
28176
28181
28182
28183
28184
28189
28198
28200
282197
282199
28229
28230
28234
28258
28264
282669
282676
282683
283686
283699
283737
283786
283942
284040
28442
28444
28445
28448
28452
284577
284581
285279
285351
285458
285473
285500
285514
285535
285568
285676
285983
286156
286727
287
287098
287099
287986
288000
288705
288768
28885
28892
28898
288992
289003
28903
289370
289376
289377
290052
290054
290055
290315
290317
290318
290338
290340
290397
290398
290399
290400
290512
290633
291112
291169
291272
291331
291644
291985
292
292222
292414
292415
292459
292462
292563
292564
292800
292805
292913
293
29313
29314
29320
29321
29332
29341
29343
29349
29354
293613
293614
29364
29367
29379
29382
293826
29385
29394
294
29421
29422
29430
29433
29435
29448
29449
29466
294671
294699
29484
29485
29486
29488
29489
29491
294935
29495
29497
29498
295068
295069
295108
29518
29519
29524
29529
29533
29534
29536
29539
29540
295405
29542
29554
29555
29556
29557
29559
295596
29561
29563
29571
296
296218
296591
297244
297318
298386
298653
298654
298655
298701
299255
299262
299767
300019
300028
301
301148
301302
301375
301967
302167
303
303541
303682
304207
304268
304371
305
305507
305900
306263
306281
306537
306540
306541
307121
307480
307486
308754
308853
309798
309799
309800
309801
309803
309807
310297
310780
310781
310782
311180
311333
311334
311402
311403
311410
311458
312284
312309
313367
313368
313589
313590
313594
313595
313596
313598
313603
313624
313625
313628
314225
314230
314232
314253
314254
314256
314260
314262
314264
314265
314266
314270
314271
314275
314276
314277
314278
314282
314283
314285
314287
314315
314344
314607
314608
314722
315358
315423
315456
315749
315750
316
316055
316056
316057
316058
316067
316274
316278
316279
316284
316330
317
317010
317018
317025
317619
317655
317735
317936
318161
318167
318424
318456
318464
318586
318683
318996
319224
319225
319236
31958
31964
31965
319652
319653
31967
319795
319938
319939
319970
32002
32019
32020
32024
32040
32042
320483
32049
320497
32051
32052
32057
320771
320778
320787
321267
321327
321332
321339
321763
321961
321967
322095
322098
322505
322710
323097
323098
323259
323261
323655
323656
323848
323850
324057
324058
324602
324831
324925
325240
325473
325775
325777
326297
326298
326424
326427
326442
326474
326475
326522
326523
326537
327095
327275
327277
327939
328396
328971
329
329186
329726
329993
33007
330084
33010
330214
33033
33035
33036
33038
33039
33043
33044
33046
33050
33051
33053
33060
33069
330734
330779
331104
331113
331635
331636
331648
331678
331679
331869
332186
332411
332524
332949
332950
332977
332999
333138
333140
333962
334253
334413
334715
334735
334801
335283
335284
335541
335543
335659
335973
335975
335992
336292
336566
336810
336829
336831
336988
337097
337191
337701
338188
33876
33881
33888
33889
33895
338963
338966
338969
33898
339
33903
33905
33922
339268
33934
33935
33936
33940
33945
33959
33960
339671
33968
33978
339860
339866
33987
33990
33995
34002
340021
34004
340099
340102
340177
34027
340345
34059
34060
34061
34062
34073
34085
34086
34097
34103
341036
342002
342108
342113
342610
342949
342954
342955
343013
343509
343874
344747
344882
345309
345341
345632
346179
346222
347256
347257
348151
348780
349064
349095
349102
349106
349124
349161
349163
349215
349307
349519
349521
349741
350054
350058
350688
350893
351016
351160
351348
351605
351607
351627
351656
351659
351671
351672
351675
351679
352165
354243
354355
354630
355243
355548
35622
35623
356305
356660
356829
35703
357240
357244
357278
35743
35752
35754
35755
35756
35760
35762
357804
357808
357809
35799
358
35806
35814
35817
35818
358220
358396
35841
358681
358743
358823
359
359159
359391
360095
360104
360105
360107
360411
360412
360807
360910
360911
361041
361101
361183
361279
361575
362257
362413
362418
362837
362948
362976
363253
363331
363754
363870
364032
364197
364199
364200
364410
365044
365046
365528
365591
365659
366394
366522
366533
366584
366602
366616
367299
36745
367477
367737
367928
36805
36807
36809
36814
36818
368407
368408
36841
36842
36844
36847
36849
36856
368603
36861
36870
36874
36875
368812
369401
369723
370438
370526
370622
370764
370979
371042
371602
371731
372461
373
37328
37332
373668
373672
37372
373903
373994
374463
374847
374981
375
375175
375286
375451
375574
375760
376
37625
376427
376489
37658
37659
376620
376686
376730
376733
37692
37752
377629
378753
378794
378806
379066
379097
37915
37916
37923
37927
37928
379482
379893
380244
380248
38026
380358
380703
380749
381
381306
381665
381666
381751
381764
382
382464
382503
382638
38286
38289
38300
38301
38302
38305
38312
38313
38323
383372
383381
384
384616
384676
385025
385682
386043
386301
386415
386913
387092
387093
387344
387631
388280
388357
388408
388413
388467
388919
388950
389348
390235
390241
390242
390270
39029
390333
39060
390640
390807
390874
390883
390989
391008
391009
391036
391037
391038
391165
391295
391587
391589
391592
391595
391596
391597
391600
391603
391615
391616
391619
391624
391625
391626
391735
391936
391937
391953
392015
392320
392333
392416
392421
392484
392499
392500
392734
393003
393278
393595
393762
393921
394
394096
394098
394193
394221
394264
394503
39480
39482
39485
39488
39490
39492
394935
39495
394958
39498
395019
395492
395493
395494
395495
395600
395961
395963
395964
395965
396
396014
396268
396323
396588
396595
39691
39692
39693
397278
397287
397288
397290
397291
39777
39778
39791
397945
397948
398
398007
398199
39841
398511
398512
398527
398578
398579
398580
398694
398720
398767
398843
399497
39950
399549
399550
39960
39962
399736
399739
399741
399742
400055
400092
400667
400668
400772
400946
401053
401472
401473
401562
40215
40216
402384
402385
402596
402600
402612
402626
402734
402777
402880
402881
40318
40324
40335
403776
403833
403935
403957
404380
404433
404589
40480
404941
40518
40520
40543
405436
405444
405559
405564
405671
40571
40578
405946
405948
406020
406100
406124
406327
406341
406552
406817
406818
406984
407020
407022
407035
407036
407234
40754
408015
408074
40841
408577
408657
41
410072
410332
410358
410359
410764
411154
411461
411463
411467
411468
411471
411473
411474
411483
411490
411684
411945
412419
412690
412965
413404
413434
413882
413999
414004
414048
414286
41431
414684
414703
414778
415015
415425
415426
415747
416016
416169
416269
416591
416870
416873
416874
416943
416944
417102
417292
417373
418495
418702
418854
419005
419015
419475
419479
419481
419597
419665
419940
41997
420247
420324
420336
420404
420662
420890
42094
420953
420998
421
421058
421072
421531
421767
422296
42234
42253
42256
42322
42354
424757
425104
425400
425504
425514
42565
426117
426128
426355
426368
426701
426702
426703
426756
426757
427683
428126
428127
428406
428411
428412
42858
428990
428992
428993
429009
429727
429728
430453
430522
43064
431041
431269
431306
431489
431943
432608
43263
43304
43305
43348
43354
433924
434131
435
435590
435591
435830
435880
435897
435908
436114
436308
436515
43657
43658
43662
43675
43678
437022
43759
43767
43769
43770
43775
437900
438753
438855
439219
439228
439235
43928
439292
439375
439481
439493
439496
43989
43992
440079
44008
44009
44010
440168
440514
44060
441103
441112
441119
441209
441620
441768
442
442341
44251
44252
442562
442563
442899
443143
443144
443152
443156
443218
443254
443598
443610
444103
444157
444158
444179
444444
444461
444597
445576
445709
445710
44574
44575
44576
44577
445932
445960
445961
445971
445975
446043
446462
446465
446466
446468
446469
446470
446471
446860
447
44742
447422
447595
447689
448
448385
449
44933
449447
449659
450378
450380
45056
45065
45066
45067
45068
45070
45071
45072
45073
45074
45076
450851
451
452
452084
45242
45243
452471
452637
452638
452652
452662
452863
453
453246
453247
453304
453582
453591
45361
454
454006
454133
454136
454171
454194
45496
455
455193
455432
455436
456
45610
456320
456327
45634
456442
456481
45658
45670
457396
457402
457415
457421
457427
457570
458
458233
458253
45851
458817
459349
459472
459495
459525
45972
459858
460
460265
460384
46175
46177
46206
46223
46224
46234
46256
463014
463025
463040
463301
464
464029
46503
46506
465515
465541
465721
465817
465820
466
466038
46677
46679
46680
467200
467210
467661
467705
468056
468059
468556
46914
469371
469378
469381
469382
469383
469597
469604
469610
469616
469617
469618
470145
470453
470826
470931
470934
471
471223
471514
471821
471852
471853
471854
471855
471856
471857
471870
472175
472181
47229
472569
472695
472705
472759
472963
47311
47312
47466
474950
474960
47500
475255
475375
476
476157
476281
476652
47678
477
47715
477184
477228
477245
47763
477641
477680
477690
47770
477974
478
47839
47853
47854
47855
47864
47866
47871
478741
478744
47879
47880
478801
47884
47885
47917
479431
479432
479433
479434
479435
479437
479893
48
480
48003
480071
480418
480813
481146
481183
481446
481448
481719
481743
482234
482461
48256
482827
483216
483218
483219
483545
483547
483908
483937
484
484019
484429
484498
48467
484770
485447
485602
485913
485914
485915
485916
485917
485918
486
48664
486698
487
487184
48727
487316
487514
487685
487796
487797
487909
488124
488533
488535
488538
48936
489703
489910
490
490188
490189
490629
490829
490899
491205
49186
491915
491952
492660
492774
49280
493
493475
494016
494023
494026
494416
494419
49547
497650
497964
497965
498211
498292
498367
498742
498761
498848
499555
499656
500153
500610
500633
500635
500637
500639
501010
501024
501571
501834
502025
502049
502393
502558
502682
50340
504
504472
504474
504486
504487
504728
504797
504798
504800
504805
504832
505249
505252
505317
505341
505345
506480
506534
506668
50718
50743
507626
509190
509191
50960
509635
510955
511
511051
511062
511995
512030
512314
512399
512402
512564
512565
512763
51288
515618
515619
515620
515622
515635
515897
516051
51642
51663
51670
517417
517418
517719
517722
518637
518766
519424
519441
519442
519452
519453
519472
519989
52
520762
520764
520767
521003
521010
521011
521013
521045
521095
521096
521097
521098
52131
521392
521393
521460
521674
521719
522306
522492
52271
522772
523791
523794
523841
523843
523844
523845
523846
523847
523849
523850
52441
52442
525146
525245
525254
525257
525263
525282
525309
525318
525365
525367
525373
52560
52561
525640
525897
525898
525903
525904
525909
525918
525919
526
526218
526222
526224
526225
526226
526227
526588
526729
52689
52694
526945
526986
52767
52770
52773
528191
528244
528314
529
529086
529505
529704
529709
529823
529884
530564
530584
531814
531844
53254
533240
533247
53341
53345
53346
53374
53376
53378
53406
53408
53412
53428
53443
53444
53463
53501
535712
536
536018
536019
536227
536979
537006
537007
537011
537013
537021
537970
538025
538381
539
53952
53972
54
54005
540747
540906
54121
54262
54291
543302
543360
543526
543632
543728
543877
543913
54398
544580
544644
544718
545123
545243
545264
545276
545501
545534
545617
545619
545693
545694
545695
545696
545697
54571
546262
546263
546266
546267
546269
546271
546275
546364
546414
546871
546874
547042
547144
547162
547163
547558
547559
548
548476
548479
549
54911
54914
54915
549386
549687
549789
549819
550
550447
550540
550983
551115
551275
551459
551789
551987
551990
551991
551995
551996
55207
55209
552354
552398
552811
553174
553175
553177
553178
553207
553218
553219
553239
553311
553385
553466
553467
553469
553510
553611
553973
554
554083
554343
555079
555088
555500
555512
555778
555874
555875
55601
556262
556267
556268
556325
556533
557436
55758
557598
557723
55779
55802
558151
558152
558155
558169
558173
55952
55969
560555
560819
561061
56107
56110
561175
561176
561177
561180
561184
561229
561230
561365
561720
56192
56193
562729
562743
562970
562982
563031
563040
563176
563178
563192
563996
564064
564117
564137
564198
56425
56449
56458
56459
56460
565033
565034
565045
565050
565575
566466
566551
56689
56730
56779
56780
56804
56810
568102
568768
568816
568817
568860
568872
568899
569
56956
569857
569882
570156
570268
570277
570446
570519
570521
570947
570952
570967
571
571298
571438
571913
571915
571932
571933
572036
572265
572477
572478
572479
572480
572544
572546
572547
573024
573058
573061
573063
573064
573065
573234
573321
573370
573413
573501
573569
573570
573658
573983
574087
574096
574349
574375
574376
574556
574650
574651
574934
574966
575540
575590
575593
575594
575609
575614
575788
576117
576118
576131
576611
57664
57704
57732
577470
577650
578214
578942
579105
57911
579137
579138
579405
579478
579483
579748
580
580166
580327
580332
580340
58049
58051
58114
58116
58117
58123
58134
58135
582
582402
582419
582475
582515
582667
582672
582675
582680
582692
582702
582744
582851
582899
583345
583355
583356
583358
58343
58344
58346
584
584708
584787
585
585394
585423
585425
585501
585506
585529
585530
585531
586239
586411
586413
586416
587
587636
587753
587909
588
588319
588581
588602
588898
588932
589382
589385
589865
589873
589924
590061
590409
590652
590998
591001
591019
591023
591157
591159
591167
591205
59196
592010
592015
592026
592028
592029
592031
59204
592050
592316
592361
593117
593133
59374
593750
593907
594679
59505
595434
595460
595494
595499
595536
595537
595593
59561
595670
596151
596152
596154
59620
596315
596324
596327
59733
59748
59750
59814
59842
59843
598467
598659
59919
59920
59921
59922
59925
59926
59931
600809
60137
604088
604089
604330
604331
604354
60547
60549
608506
608534
608538
60890
610130
61015
613199
614
61435
61595
61635
61645
61646
61647
61648
61652
616990
616991
617001
617002
619304
619693
619805
620914
62101
621456
622637
623280
623281
624147
626369
626418
626522
626523
626887
626931
626937
626940
627192
62928
629680
629741
629773
630
630515
630626
630921
631
631362
631454
63186
632292
632335
632518
632772
632773
632955
633131
633147
633148
633149
633194
633440
633697
633807
633813
634113
634177
634430
634436
634452
634497
634498
634500
634504
634771
634994
635013
636
63737
637679
637905
637910
637971
638301
638302
638303
639004
639030
639282
639283
640081
640132
640205
640511
640512
640513
640635
64091
640938
640948
641025
641107
641112
641147
641149
641238
641491
641524
641526
641549
641665
641691
642227
642492
642780
643473
643562
643648
643674
643867
644
644107
644281
644282
644283
644284
644295
644548
64471
644801
644966
644968
645127
645274
645465
645517
645990
645991
646
646529
64702
647113
647171
648757
648782
648794
648885
648996
649
649333
649349
649638
649639
64969
64971
649747
649756
649760
649761
649764
649831
650
650093
65058
650850
650891
65093
651182
651561
651661
651662
651740
652
652017
652103
652787
653386
653733
65393
653930
654
65497
65499
655015
655186
655353
655355
655384
655815
656024
656178
656179
656366
656519
656914
65700
657014
657314
657321
657323
657324
65735
657387
658057
658086
658167
658172
658187
658218
658219
658445
658457
658630
658655
658656
658659
658665
659
659014
659018
659495
660470
660517
660518
660521
660596
66084
661087
661089
661367
661399
661478
66219
662367
662479
662755
663
663278
663321
663610
663704
66373
66377
663932
66429
66430
665004
665007
665029
665118
665126
665467
665577
665949
666509
666510
666681
666685
666686
66692
667014
667015
667128
667129
667135
667137
667138
667632
667676
66851
66874
66875
669
669041
669502
66969
670
670052
670154
670155
670307
670482
670487
671065
671072
671143
671223
672
67263
67267
67285
673
67304
67315
67331
67352
673521
673548
67356
67365
67373
67385
67386
673860
673862
674
674036
674703
675511
675524
675635
675813
675816
675864
676
676032
676199
676200
676202
676599
67780
67855
679190
679192
679197
679199
679200
679201
679259
679318
679897
679901
679926
679935
679936
679937
680026
680127
680198
680279
68042
680496
680646
681398
681645
68170
681847
68194
68214
68223
68231
68239
68249
68260
682633
682795
683083
683124
683125
683150
683228
683260
683315
683316
683837
684065
684552
684719
684949
68570
685778
686340
686578
686597
686624
686796
686831
687412
687436
687842
687861
688
688067
688245
688246
688269
688270
688867
68892
68895
689
69
69014
690417
690566
690567
690585
690850
690879
691
69222
692370
692418
69279
693
69322
69328
693444
693661
69370
69373
693746
69395
693977
693979
693986
694055
694427
694429
694430
694431
694440
695939
696125
696127
696281
696762
697281
697282
697303
697329
697581
698738
698757
698758
698761
698762
698769
698827
69895
69896
699218
699246
699248
699262
699264
699431
69960
69974
700015
700598
701042
701347
701521
702114
702383
702437
702450
702457
702745
702967
703
703222
70601
706191
706194
706433
706434
706436
706570
706587
707248
708126
708132
709015
709032
709323
709797
709839
709881
70996
709986
709991
710111
710421
710685
710687
710696
710705
711393
712122
712357
712411
712528
712633
712710
713030
713585
713586
713588
713604
713605
714
71421
714313
714315
71451
71452
714549
714943
715226
716544
71657
716816
716928
717227
717231
717605
717606
717608
717772
717773
717774
717785
717959
717960
717962
718014
718252
71999
72000
720554
721133
722438
722472
72304
72556
727
72758
728
728005
73010
73044
732
732234
733
734
735
735517
736
739
739143
74031
740709
741155
742723
742725
742726
742727
742737
742742
742743
742766
742767
742817
742823
743299
74348
743525
743718
743719
743720
743721
743722
743836
743966
743967
743971
74426
744872
744979
744980
744985
745014
745277
745310
745366
745368
745411
74545
74546
745717
745776
745820
746697
747
747365
747377
747682
748224
748247
748280
748449
748650
748658
748727
748909
749222
749414
749551
74969
75105
751944
751945
751994
75293
753702
75379
754035
754252
754409
754436
754476
754477
754502
755172
755178
755731
755732
756067
756272
756499
75658
756698
756883
756892
757424
758
758793
758802
758803
758820
758825
758828
758847
75906
75922
759620
759811
75985
759851
759913
759914
760011
760142
760154
760192
76021
760568
76114
761193
76123
761804
762051
762211
762376
762486
762845
762903
762947
762948
762963
762967
762968
762982
762983
762984
763034
763057
764291
764298
764299
764842
765177
765420
765698
765699
765821
765869
765909
765910
765911
765912
765913
765914
76595
765952
766136
76636
766499
767029
767031
767100
76728
76731
767434
767452
767519
76759
767817
767916
768066
76832
76857
76859
768670
768671
768679
768700
768704
768706
768710
76935
76936
76947
77008
77095
77097
771875
77635
779
78245
78344
78345
78346
794903
795359
795665
795666
795797
795830
795955
79604
796606
796620
796937
796942
796943
797114
797209
797210
797277
797299
797302
797303
797304
797419
797473
797515
797516
798128
79879
79882
79883
79884
79885
79929
807
80852
80854
80876
80878
81408
81409
81479
81569
817
81857
81858
820
82135
82367
82374
82380
824
82633
82654
82801
82803
82805
82977
82985
82995
82996
831
83219
83262
83263
83401
83406
83449
83559
83560
83617
83655
83656
83683
83765
83767
83771
83784
838561
839
83964
83986
84022
84024
84029
84035
84135
84292
84407
84521
84531
84588
84698
847
84724
853
85336
85558
85581
85643
856736
856793
85698
85701
857087
857265
857290
857291
857293
858215
858455
858619
858640
859
859144
859194
85962
859653
859654
85968
860228
860235
86029
86102
86103
86105
86106
861266
861269
861298
861299
861360
861450
861452
861455
86166
86177
862515
862517
862751
862908
862969
862971
863239
863921
864051
864058
864069
864073
86416
864565
864702
865861
865937
865938
866536
866564
86660
86664
86666
86668
866771
866774
866775
866790
866895
867
867345
867845
867900
867902
867903
867904
867917
868131
868280
868595
868864
869209
869210
869211
869212
869213
869279
870187
870242
870482
870908
871203
871271
871325
871571
871585
871651
871652
87172
871741
871963
871968
872965
872970
873448
873449
873513
874156
874454
875171
875328
87541
875454
875932
876
876044
876091
87626
876269
876364
877411
877414
877415
877418
877424
877455
877500
879212
879243
879274
879305
879308
879309
880070
880071
880072
880073
880074
880156
880157
880526
880591
880724
882
882082
882083
882084
882085
882086
882090
882378
883
883067
883069
883077
883078
883081
883096
883109
883111
883112
883113
883114
883156
883158
883161
88431
885272
885586
886293
886377
886379
886738
887062
887144
88719
887325
887898
887929
888050
888056
888059
888060
888061
888062
888064
888727
888741
888743
888746
888816
888826
888832
888845
889306
889378
889453
890420
89059
89065
89093
89187
891968
89524
897
89784
9
901
90241
90245
90270
903503
903510
903523
903818
903983
903984
904144
904291
904293
904296
905011
906888
906968
907287
907348
907931
90813
90814
908285
908290
908337
908615
908809
908937
909613
909625
909626
909663
909943
910047
910347
910964
911045
912594
912630
913024
913025
913317
913325
913333
913337
91360
914150
91464
915059
915471
916
91604
917
91844
91890
91892
92487
925409
926
92645
92647
926549
926550
926554
926556
926559
926560
926561
926562
926564
926565
926566
926567
926569
926571
926690
926692
927083
927658
927664
927665
927677
928210
92835
928724
928856
92947
929506
929556
929558
929562
929703
929712
929713
929794
930
930117
930118
930124
930128
930129
930131
930138
930146
930152
930169
930171
93057
93059
93060
93061
93064
930805
930806
930945
931089
931277
931626
931627
932036
932039
932040
932044
93218
93219
93220
93221
932213
93222
933059
933262
933266
933269
933280
93378
933801
933944
93466
935223
935261
935293
935548
935566
935700
935836
935840
935848
935850
935851
935860
935861
935863
935866
935942
935948
936154
936155
936375
936455
936548
936572
936595
936756
93684
937218
937334
937773
937774
937775
937777
937928
938278
938289
938293
938405
938518
938698
938785
939296
939324
939346
939696
93973
939745
939857
939909
940190
940286
940295
94122
94132
941449
941907
942150
942938
943347
943816
943830
943936
943945
944435
944479
944480
944481
944547
944562
944565
945021
945543
945550
945713
946077
946078
946235
94624
94625
946333
946483
946677
947013
947033
947309
948102
948106
94869
948756
95161
95300
953739
95486
955
957042
959
96345
96561
966
96773
971
97137
97138
97139
97481
977905
979226
979556
980251
980561
980584
981222
981369
981383
981384
981540
98228
983
983544
983545
983548
983917
983920
984262
985002
985053
985054
985255
985665
985762
985867
986
987045
987059
98804
988801
988812
988821
989370
989403
990073
990268
990285
990288
990316
990370
990371
990712
991
991789
991905
993070
993071
993073
993689
993692
994479
994484
994573
995034
995038
995060
995062
99598
996
996166
996342
99656
996637
996801
997296
997346
997350
997352
997353
997884
998674
999141
999386
999411
999415
999422
999423
999425
999541
999542
999543
999549
999550
999552
999611
999627
999628
999630
999894
999898
